15 15 1762810524
21 17 1762810524
37 18 1762810524
49 19 1762810524
112 20 1762810524
129 23 1762810524
132 24 1762810524
142 25 1762810524
15 14.855 1762810554
21 16.8643 1762810554
37 17.8244 1762810554
49 19.124 1762810554
112 19.7868 1762810554
129 22.9055 1762810554
132 23.7918 1762810554
142 24.8996 1762810554
15 15.0571 1762810584
21 17.0223 1762810584
37 17.7844 1762810584
49 19.0358 1762810584
112 19.8335 1762810584
129 22.8062 1762810584
132 23.9804 1762810584
142 24.7276 1762810584
15 14.977 1762810614
21 16.8875 1762810614
37 17.8594 1762810614
49 18.8978 1762810614
112 20.0074 1762810614
129 22.9235 1762810614
132 24.1095 1762810614
142 24.9545 1762810614
15 14.7891 1762810644
21 17.0401 1762810644
37 17.7433 1762810644
49 18.6604 1762810644
112 19.7915 1762810644
129 22.962 1762810644
132 24.1486 1762810644
142 25.1016 1762810644
15 14.6313 1762810674
21 16.8747 1762810674
37 17.727 1762810674
49 18.8962 1762810674
112 19.5521 1762810674
129 23.1258 1762810674
132 24.3273 1762810674
142 25.0185 1762810674
15 14.8184 1762810704
21 16.8812 1762810704
37 17.8414 1762810704
49 18.7505 1762810704
112 19.3375 1762810704
129 23.0028 1762810704
132 24.2735 1762810704
142 24.8768 1762810704
15 14.9125 1762810734
21 16.862 1762810734
37 17.865 1762810734
49 18.8392 1762810734
112 19.5369 1762810734
129 22.9626 1762810734
132 24.2635 1762810734
142 24.998 1762810734
15 14.9937 1762810764
21 16.8719 1762810764
37 17.6901 1762810764
49 18.9011 1762810764
112 19.3474 1762810764
129 23.0802 1762810764
132 24.1194 1762810764
142 25.1523 1762810764
15 15.0278 1762810794
21 17.0184 1762810794
37 17.7596 1762810794
49 18.8388 1762810794
112 19.1607 1762810794
129 23.0922 1762810794
132 23.9533 1762810794
142 24.9187 1762810794
15 14.9955 1762810824
21 17.1197 1762810824
37 17.6565 1762810824
49 18.7308 1762810824
112 19.1497 1762810824
129 22.9021 1762810824
132 24.1175 1762810824
142 25.0865 1762810824
15 15.1305 1762810854
21 17.2243 1762810854
37 17.7826 1762810854
49 18.7364 1762810854
112 18.9597 1762810854
129 23.0678 1762810854
132 23.9749 1762810854
142 24.9265 1762810854
15 14.9139 1762810884
21 17.2966 1762810884
37 17.7269 1762810884
49 18.8034 1762810884
112 18.9401 1762810884
129 22.9182 1762810884
132 24.0126 1762810884
142 24.9827 1762810884
15 15.103 1762810914
21 17.0969 1762810914
37 17.7314 1762810914
49 18.9973 1762810914
112 18.749 1762810914
129 22.8487 1762810914
132 23.9765 1762810914
142 24.8479 1762810914
15 15.218 1762810944
21 17.0885 1762810944
37 17.9289 1762810944
49 18.8626 1762810944
112 18.8678 1762810944
129 22.8247 1762810944
132 24.1764 1762810944
142 24.699 1762810944
15 15.2952 1762810974
21 17.2078 1762810974
37 18.1001 1762810974
49 18.7693 1762810974
112 19.047 1762810974
129 23.0726 1762810974
132 23.9797 1762810974
142 24.7034 1762810974
15 15.5249 1762811004
21 17.2019 1762811004
37 17.8825 1762811004
49 18.9552 1762811004
112 18.8947 1762811004
129 23.2486 1762811004
132 23.8576 1762811004
142 24.7827 1762811004
15 15.3406 1762811034
21 17.0895 1762811034
37 18.0088 1762811034
49 18.7119 1762811034
112 18.7 1762811034
129 23.4337 1762811034
132 23.7407 1762811034
142 24.6354 1762811034
15 15.3138 1762811064
21 17.2891 1762811064
37 18.074 1762811064
49 18.6481 1762811064
112 18.5774 1762811064
129 23.5056 1762811064
132 23.976 1762811064
142 24.4152 1762811064
15 15.5325 1762811094
21 17.2226 1762811094
37 17.8599 1762811094
49 18.4611 1762811094
112 18.6025 1762811094
129 23.6733 1762811094
132 23.9089 1762811094
142 24.53 1762811094
15 15.719 1762811124
21 17.3775 1762811124
37 17.7111 1762811124
49 18.4218 1762811124
112 18.7238 1762811124
129 23.6107 1762811124
132 24.144 1762811124
142 24.6973 1762811124
15 15.8574 1762811154
21 17.5426 1762811154
37 17.688 1762811154
49 18.5959 1762811154
112 18.8337 1762811154
129 23.5992 1762811154
132 23.9286 1762811154
142 24.6748 1762811154
15 15.775 1762811184
21 17.3609 1762811184
37 17.543 1762811184
49 18.4544 1762811184
112 18.927 1762811184
129 23.758 1762811184
132 23.9361 1762811184
142 24.4982 1762811184
15 15.6469 1762811214
21 17.6062 1762811214
37 17.3106 1762811214
49 18.2258 1762811214
112 18.7068 1762811214
129 23.7085 1762811214
132 24.0879 1762811214
142 24.6159 1762811214
15 15.473 1762811244
21 17.8324 1762811244
37 17.2924 1762811244
49 18.3853 1762811244
112 18.7783 1762811244
129 23.7688 1762811244
132 24.0055 1762811244
142 24.5287 1762811244
15 15.4204 1762811274
21 17.9009 1762811274
37 17.2846 1762811274
49 18.3267 1762811274
112 18.6529 1762811274
129 23.9031 1762811274
132 23.8231 1762811274
142 24.4384 1762811274
15 15.2297 1762811304
21 18.0124 1762811304
37 17.3723 1762811304
49 18.2807 1762811304
112 18.6142 1762811304
129 24.0423 1762811304
132 23.9809 1762811304
142 24.4934 1762811304
15 15.3557 1762811334
21 17.8811 1762811334
37 17.3159 1762811334
49 18.2006 1762811334
112 18.5379 1762811334
129 23.9407 1762811334
132 23.8477 1762811334
142 24.5168 1762811334
15 15.3535 1762811364
21 17.7478 1762811364
37 17.3244 1762811364
49 18.3991 1762811364
112 18.4523 1762811364
129 23.8319 1762811364
132 23.6576 1762811364
142 24.6178 1762811364
15 15.4384 1762811394
21 17.6631 1762811394
37 17.1662 1762811394
49 18.4436 1762811394
112 18.4357 1762811394
129 23.6818 1762811394
132 23.8792 1762811394
142 24.843 1762811394
15 15.3351 1762811424
21 17.5292 1762811424
37 16.9393 1762811424
49 18.4857 1762811424
112 18.3195 1762811424
129 23.6992 1762811424
132 23.8297 1762811424
142 25.0369 1762811424
15 15.2028 1762811454
21 17.4045 1762811454
37 16.7431 1762811454
49 18.5579 1762811454
112 18.5572 1762811454
129 23.8467 1762811454
132 23.6956 1762811454
142 24.8591 1762811454
15 15.2755 1762811484
21 17.1988 1762811484
37 16.7862 1762811484
49 18.7015 1762811484
112 18.4818 1762811484
129 23.7898 1762811484
132 23.6913 1762811484
142 24.9728 1762811484
15 15.0903 1762811514
21 17.2464 1762811514
37 16.9556 1762811514
49 18.8471 1762811514
112 18.4617 1762811514
129 23.9109 1762811514
132 23.4586 1762811514
142 24.7879 1762811514
15 15.0044 1762811544
21 17.4916 1762811544
37 16.9006 1762811544
49 18.9239 1762811544
112 18.6291 1762811544
129 24.1039 1762811544
132 23.5687 1762811544
142 24.8227 1762811544
15 14.8176 1762811574
21 17.2917 1762811574
37 17.0618 1762811574
49 18.9913 1762811574
112 18.8489 1762811574
129 23.9258 1762811574
132 23.7009 1762811574
142 24.7704 1762811574
15 14.9276 1762811604
21 17.2761 1762811604
37 17.1464 1762811604
49 19.0341 1762811604
112 18.8759 1762811604
129 23.7248 1762811604
132 23.8241 1762811604
142 24.7164 1762811604
15 14.7548 1762811634
21 17.4395 1762811634
37 17.1298 1762811634
49 19.1964 1762811634
112 18.6624 1762811634
129 23.962 1762811634
132 23.5778 1762811634
142 24.6846 1762811634
15 14.884 1762811664
21 17.3342 1762811664
37 17.2905 1762811664
49 19.433 1762811664
112 18.4844 1762811664
129 24.0001 1762811664
132 23.6071 1762811664
142 24.7976 1762811664
15 14.6826 1762811694
21 17.4964 1762811694
37 17.3762 1762811694
49 19.5732 1762811694
112 18.403 1762811694
129 24.0324 1762811694
132 23.4443 1762811694
142 24.8392 1762811694
15 14.7779 1762811724
21 17.7415 1762811724
37 17.5951 1762811724
49 19.411 1762811724
112 18.5198 1762811724
129 23.9572 1762811724
132 23.2101 1762811724
142 24.9216 1762811724
15 14.9065 1762811754
21 17.8303 1762811754
37 17.5433 1762811754
49 19.3995 1762811754
112 18.484 1762811754
129 23.7635 1762811754
132 23.0223 1762811754
142 24.7995 1762811754
15 14.9922 1762811784
21 17.8814 1762811784
37 17.7551 1762811784
49 19.6205 1762811784
112 18.6984 1762811784
129 23.7704 1762811784
132 23.1161 1762811784
142 24.6555 1762811784
15 15.0729 1762811814
21 17.9307 1762811814
37 17.6193 1762811814
49 19.6764 1762811814
112 18.6303 1762811814
129 23.7416 1762811814
132 22.8839 1762811814
142 24.4208 1762811814
15 15.0754 1762811844
21 17.8512 1762811844
37 17.7745 1762811844
49 19.7834 1762811844
112 18.4884 1762811844
129 23.8803 1762811844
132 22.9099 1762811844
142 24.4072 1762811844
15 15.1411 1762811874
21 18.0891 1762811874
37 17.5999 1762811874
49 19.8915 1762811874
112 18.2521 1762811874
129 23.8731 1762811874
132 22.6776 1762811874
142 24.2297 1762811874
15 14.9357 1762811904
21 17.9896 1762811904
37 17.3988 1762811904
49 19.8925 1762811904
112 18.0762 1762811904
129 23.9022 1762811904
132 22.5555 1762811904
142 24.2014 1762811904
15 14.8336 1762811934
21 18.007 1762811934
37 17.6355 1762811934
49 19.6574 1762811934
112 17.8992 1762811934
129 23.7556 1762811934
132 22.4894 1762811934
142 24.1122 1762811934
15 14.7597 1762811964
21 17.9765 1762811964
37 17.4857 1762811964
49 19.5443 1762811964
112 18.1096 1762811964
129 23.7461 1762811964
132 22.6237 1762811964
142 24.0621 1762811964
15 14.9947 1762811994
21 17.9906 1762811994
37 17.3018 1762811994
49 19.3961 1762811994
112 18.3271 1762811994
129 23.9696 1762811994
132 22.4287 1762811994
142 23.8312 1762811994
15 15.1169 1762812024
21 17.9317 1762812024
37 17.2206 1762812024
49 19.1718 1762812024
112 18.1813 1762812024
129 23.9056 1762812024
132 22.388 1762812024
142 23.6533 1762812024
15 15.1569 1762812054
21 17.9859 1762812054
37 17.3767 1762812054
49 18.9956 1762812054
112 18.3823 1762812054
129 23.858 1762812054
132 22.4951 1762812054
142 23.7148 1762812054
15 15.1941 1762812084
21 18.1586 1762812084
37 17.3482 1762812084
49 18.821 1762812084
112 18.3173 1762812084
129 23.6562 1762812084
132 22.2865 1762812084
142 23.7688 1762812084
15 15.2207 1762812114
21 18.0576 1762812114
37 17.4006 1762812114
49 18.8666 1762812114
112 18.3398 1762812114
129 23.7722 1762812114
132 22.4803 1762812114
142 23.9214 1762812114
15 15.3463 1762812144
21 18.1542 1762812144
37 17.6156 1762812144
49 18.7494 1762812144
112 18.2841 1762812144
129 23.9429 1762812144
132 22.5818 1762812144
142 23.9559 1762812144
15 15.5246 1762812174
21 18.0115 1762812174
37 17.4409 1762812174
49 18.5841 1762812174
112 18.5025 1762812174
129 23.9246 1762812174
132 22.6247 1762812174
142 24.0058 1762812174
15 15.6361 1762812204
21 18.2271 1762812204
37 17.3878 1762812204
49 18.4972 1762812204
112 18.3309 1762812204
129 24.0175 1762812204
132 22.6298 1762812204
142 23.9982 1762812204
15 15.6883 1762812234
21 18.209 1762812234
37 17.3787 1762812234
49 18.2998 1762812234
112 18.2955 1762812234
129 23.8945 1762812234
132 22.4484 1762812234
142 24.0748 1762812234
15 15.774 1762812264
21 18.0406 1762812264
37 17.4188 1762812264
49 18.2156 1762812264
112 18.5332 1762812264
129 23.9249 1762812264
132 22.5055 1762812264
142 24.1732 1762812264
15 15.9797 1762812294
21 18.2181 1762812294
37 17.177 1762812294
49 18.3667 1762812294
112 18.7679 1762812294
129 23.9985 1762812294
132 22.6379 1762812294
142 24.139 1762812294
15 15.8584 1762812324
21 18.1169 1762812324
37 17.0304 1762812324
49 18.4137 1762812324
112 18.7035 1762812324
129 24.2202 1762812324
132 22.8092 1762812324
142 24.1437 1762812324
15 16.0683 1762812354
21 18.2955 1762812354
37 16.9859 1762812354
49 18.6206 1762812354
112 18.8365 1762812354
129 24.1424 1762812354
132 22.5751 1762812354
142 24.3333 1762812354
15 16.0542 1762812384
21 18.3151 1762812384
37 16.9683 1762812384
49 18.4146 1762812384
112 18.8891 1762812384
129 24.3349 1762812384
132 22.8149 1762812384
142 24.5316 1762812384
15 15.8905 1762812414
21 18.2899 1762812414
37 17.0854 1762812414
49 18.5176 1762812414
112 18.7842 1762812414
129 24.4366 1762812414
132 23.0515 1762812414
142 24.4943 1762812414
15 15.8357 1762812444
21 18.5156 1762812444
37 16.9785 1762812444
49 18.6898 1762812444
112 18.7744 1762812444
129 24.2961 1762812444
132 23.2005 1762812444
142 24.6658 1762812444
15 15.9667 1762812474
21 18.4049 1762812474
37 17.0589 1762812474
49 18.8302 1762812474
112 18.9515 1762812474
129 24.2616 1762812474
132 23.4192 1762812474
142 24.6507 1762812474
15 16.1579 1762812504
21 18.217 1762812504
37 17.163 1762812504
49 18.8704 1762812504
112 18.8569 1762812504
129 24.0356 1762812504
132 23.4333 1762812504
142 24.6845 1762812504
15 16.3717 1762812534
21 18.3581 1762812534
37 17.238 1762812534
49 18.8582 1762812534
112 18.7333 1762812534
129 24.1359 1762812534
132 23.3865 1762812534
142 24.7972 1762812534
15 16.4108 1762812564
21 18.4744 1762812564
37 17.4452 1762812564
49 18.6132 1762812564
112 18.5683 1762812564
129 24.3141 1762812564
132 23.4657 1762812564
142 24.6184 1762812564
15 16.1745 1762812594
21 18.3204 1762812594
37 17.3497 1762812594
49 18.6153 1762812594
112 18.4214 1762812594
129 24.1442 1762812594
132 23.3722 1762812594
142 24.3918 1762812594
15 16.2455 1762812624
21 18.0808 1762812624
37 17.4936 1762812624
49 18.6264 1762812624
112 18.5602 1762812624
129 24.3179 1762812624
132 23.2284 1762812624
142 24.267 1762812624
15 16.0274 1762812654
21 18.1163 1762812654
37 17.4466 1762812654
49 18.7063 1762812654
112 18.608 1762812654
129 24.3472 1762812654
132 23.2918 1762812654
142 24.3282 1762812654
15 15.8536 1762812684
21 18.1151 1762812684
37 17.2247 1762812684
49 18.5418 1762812684
112 18.6779 1762812684
129 24.2722 1762812684
132 23.4903 1762812684
142 24.1259 1762812684
15 15.6945 1762812714
21 18.0151 1762812714
37 17.0899 1762812714
49 18.6116 1762812714
112 18.7899 1762812714
129 24.5019 1762812714
132 23.3529 1762812714
142 24.2072 1762812714
15 15.5159 1762812744
21 17.9538 1762812744
37 17.0207 1762812744
49 18.446 1762812744
112 18.6928 1762812744
129 24.4501 1762812744
132 23.4858 1762812744
142 24.313 1762812744
15 15.6784 1762812774
21 18.039 1762812774
37 16.9046 1762812774
49 18.3537 1762812774
112 18.4915 1762812774
129 24.5842 1762812774
132 23.3972 1762812774
142 24.5419 1762812774
15 15.728 1762812804
21 18.0661 1762812804
37 17.0735 1762812804
49 18.2644 1762812804
112 18.6695 1762812804
129 24.742 1762812804
132 23.2937 1762812804
142 24.3816 1762812804
15 15.7103 1762812834
21 18.0641 1762812834
37 17.0167 1762812834
49 18.019 1762812834
112 18.6484 1762812834
129 24.5128 1762812834
132 23.5314 1762812834
142 24.6023 1762812834
15 15.9451 1762812864
21 17.8839 1762812864
37 16.7789 1762812864
49 17.8193 1762812864
112 18.8884 1762812864
129 24.4832 1762812864
132 23.2815 1762812864
142 24.603 1762812864
15 15.7392 1762812894
21 18.084 1762812894
37 16.5295 1762812894
49 17.8672 1762812894
112 18.67 1762812894
129 24.6358 1762812894
132 23.2466 1762812894
142 24.4174 1762812894
15 15.9804 1762812924
21 18.261 1762812924
37 16.3812 1762812924
49 17.764 1762812924
112 18.5517 1762812924
129 24.5255 1762812924
132 23.014 1762812924
142 24.2383 1762812924
15 16.1622 1762812954
21 18.3588 1762812954
37 16.5887 1762812954
49 17.7616 1762812954
112 18.5249 1762812954
129 24.4509 1762812954
132 22.9346 1762812954
142 24.0233 1762812954
15 16.3272 1762812984
21 18.511 1762812984
37 16.5826 1762812984
49 17.7202 1762812984
112 18.5471 1762812984
129 24.5721 1762812984
132 22.8542 1762812984
142 24.0148 1762812984
15 16.4079 1762813014
21 18.2635 1762813014
37 16.7326 1762813014
49 17.9074 1762813014
112 18.3693 1762813014
129 24.689 1762813014
132 22.6634 1762813014
142 23.8589 1762813014
15 16.1631 1762813044
21 18.2307 1762813044
37 16.6051 1762813044
49 17.8304 1762813044
112 18.345 1762813044
129 24.5801 1762813044
132 22.5688 1762813044
142 23.961 1762813044
15 16.0925 1762813074
21 18.0048 1762813074
37 16.6159 1762813074
49 17.8906 1762813074
112 18.1643 1762813074
129 24.8045 1762813074
132 22.7842 1762813074
142 23.7785 1762813074
15 16.0345 1762813104
21 18.0945 1762813104
37 16.7094 1762813104
49 18.06 1762813104
112 18.1583 1762813104
129 24.5704 1762813104
132 22.5805 1762813104
142 23.9461 1762813104
15 15.8342 1762813134
21 17.9651 1762813134
37 16.8419 1762813134
49 18.2627 1762813134
112 18.4023 1762813134
129 24.5706 1762813134
132 22.3986 1762813134
142 23.9681 1762813134
15 15.7076 1762813164
21 18.0239 1762813164
37 16.9469 1762813164
49 18.4666 1762813164
112 18.2915 1762813164
129 24.4713 1762813164
132 22.5939 1762813164
142 24.2123 1762813164
15 15.9263 1762813194
21 17.7871 1762813194
37 17.0321 1762813194
49 18.4217 1762813194
112 18.4911 1762813194
129 24.3935 1762813194
132 22.4187 1762813194
142 24.1158 1762813194
15 15.908 1762813224
21 17.6094 1762813224
37 16.939 1762813224
49 18.2827 1762813224
112 18.6578 1762813224
129 24.1545 1762813224
132 22.652 1762813224
142 23.8794 1762813224
15 15.9279 1762813254
21 17.4062 1762813254
37 16.9055 1762813254
49 18.2911 1762813254
112 18.5179 1762813254
129 24.1156 1762813254
132 22.4154 1762813254
142 24.007 1762813254
15 16.1625 1762813284
21 17.3876 1762813284
37 16.7478 1762813284
49 18.534 1762813284
112 18.7451 1762813284
129 24.1096 1762813284
132 22.2611 1762813284
142 23.84 1762813284
15 16.3498 1762813314
21 17.5849 1762813314
37 16.5362 1762813314
49 18.3063 1762813314
112 18.5419 1762813314
129 23.9903 1762813314
132 22.1518 1762813314
142 23.777 1762813314
15 16.1943 1762813344
21 17.5442 1762813344
37 16.423 1762813344
49 18.5478 1762813344
112 18.3596 1762813344
129 24.2378 1762813344
132 22.0591 1762813344
142 23.6606 1762813344
15 15.9732 1762813374
21 17.6053 1762813374
37 16.6017 1762813374
49 18.468 1762813374
112 18.2401 1762813374
129 24.1696 1762813374
132 22.159 1762813374
142 23.8739 1762813374
15 15.8075 1762813404
21 17.8409 1762813404
37 16.5773 1762813404
49 18.5833 1762813404
112 18.2795 1762813404
129 24.0301 1762813404
132 22.0766 1762813404
142 24.0382 1762813404
15 15.9517 1762813434
21 17.6187 1762813434
37 16.3276 1762813434
49 18.7289 1762813434
112 18.1576 1762813434
129 23.9562 1762813434
132 21.9177 1762813434
142 23.8494 1762813434
15 15.9421 1762813464
21 17.5337 1762813464
37 16.3631 1762813464
49 18.9443 1762813464
112 18.0001 1762813464
129 23.9307 1762813464
132 21.9801 1762813464
142 24.0603 1762813464
15 15.7134 1762813494
21 17.7513 1762813494
37 16.4822 1762813494
49 18.7325 1762813494
112 17.986 1762813494
129 23.7339 1762813494
132 22.1652 1762813494
142 23.9104 1762813494
